3.85731090787231e-05
0.000943869707451686
0.00412591587141394
0.000119080026026643
0.0033797200126025
0.016611896220764
0.0173344433502206
0.000291212234568926
0.0101836684076385
0.041020609584019
0.0412637289700834
0.0387337004087578
0.000508998747823733
0.0171102007877218
0.0762906983765163
0.0776935145494212
0.0672409662766033
0.0634051049439861
1.95163947385096e-05
0.000810638939940769
0.00192311560554634
5.33070256894552e-05
0.00340050540705951
0.00621595297385382
0.00962169890871908
0.000108224051964707
0.00869073507483627
0.0127946344804175
0.0204130341723874
0.0372400129022707
0.000179671629240572
0.0151007820517465
0.0198754518204071
0.0426213689421806
0.0668168872041315
0.0620397647700101
6.53197356171225e-05
0.00209476663639536
0.00672051195903444
0.000207494062653162
0.00878306859632577
0.0264542920072808
0.021194150358583
0.000433314245740518
0.0250552359062866
0.0583338443377532
0.0436375989263163
0.0351795122080166
0.000742811955031755
0.0434354200757833
0.103370607597333
0.0735953880897122
0.0579511484053635
0.0475637580980338
2.94414171604847e-05
0.00174865997413713
0.00389935756176448
8.16447472037369e-05
0.00738228762465462
0.0120567487265493
0.011177953207653
0.000168716454598996
0.0200057953183912
0.0230985943392814
0.0219069134584672
0.0319315480764343
0.000270466354584622
0.0348116944681649
0.0344841371887724
0.0424237268925241
0.0581008588004581
0.0437381715879287
9.2721910232044e-05
0.00449632396009254
0.00878875922161244
0.000271399913396062
0.0195605365123188
0.025793222704863
0.0179772897417327
0.000550898409748944
0.0548201587042969
0.0531244134789074
0.0366367090601372
0.0246037692120119
0.00100835232070393
0.100220886652384
0.0935825292344857
0.0593682346073535
0.039533765751045
0.0263337213646664
3.95711917211941e-05
0.00383243021127423
0.0062076240517612
0.000119428344984
0.0154539015533835
0.0155359001358465
0.0103251070105866
0.000249370913030741
0.0366386126120918
0.027485275069014
0.0205444362466268
0.0217961428664977
0.000385506475216273
0.0664598058641094
0.0438986165858303
0.0372763806356604
0.0367709876991446
0.0223786802048946
0.00017676253081061
0.00784554545893351
0.00867212413427703
0.000507176025749906
0.0300656952635097
0.0251980180383246
0.0186305533148099
0.001139843842424
0.0727734965674622
0.0519838268080056
0.0347025038856724
0.0216626344672313
0.00191465069821657
0.131978373738287
0.090242555030077
0.051904986217589
0.0317712578877142
0.0258037910589913
8.39555827874642e-05
0.00555277296915799
0.0069316621326699
0.000207423740958727
0.0211704939234634
0.0161544059418048
0.010529129716158
0.00044776977344767
0.0459834458218958
0.0290011465447741
0.0204881517870948
0.0172701610183353
0.000715432274461757
0.0777110975740773
0.04590000521723
0.0347888882604916
0.0292427106559155
0.0212212918297339
0.000260571507512578
0.0108518483828812
0.00833680958500589
0.000729839289656775
0.0356445911087652
0.0223368034930663
0.0142345712640643
0.00158588180117511
0.0763597589576843
0.0427798823629048
0.0273023482954024
0.0175589429580838
0.00249426828174967
0.13104998236474
0.0735606738853006
0.0396059121152642
0.0290378377749525
0.0258005322405383
9.83041541706646e-05
0.00822901253592333
0.00777714297666822
0.000304126190791683
0.0250369496692469
0.0164451940563156
0.0088436223711379
0.000579401899959716
0.0489051895428289
0.0293337517455858
0.0152475657051358
0.0100967186737171
0.000900410900417935
0.0832273919631568
0.0463157451920356
0.0239394799453624
0.0183873753233987
0.0174818258093266
0.000349363003136874
0.0110133262719112
0.00683421208462141
0.00100262480167156
0.031392038582835
0.0176035094295097
0.0101703391279924
0.0021937910988412
0.0636562664369678
0.0328754109092496
0.0206105112582009
0.0158479510057365
0.00354513028190085
0.109859846816615
0.0561606686188603
0.0335149926520659
0.0277230588515506
0.0209441489148876
0.000164236882660907
0.00946834117121069
0.00690410819947819
0.000469071386566768
0.0264199712743261
0.0165975091103893
0.0068405776237264
0.000899004820799243
0.0475519401025238
0.0289549072323964
0.0130681462343176
0.00979293131407492
0.00136069224006804
0.0788583133270711
0.0469930439161307
0.0173031096749947
0.0164153828420974
0.0135967147043387
